0  1.898e+30  1.58167e+29  12
4.90148  1.898e+30  1.58167e+29  12
9.8032  1.898e+30  1.58167e+29  12
14.7047  1.898e+30  1.58167e+29  12
19.6059  1.898e+30  1.58167e+29  12
24.5074  1.898e+30  1.58167e+29  12
29.4088  1.898e+30  1.58167e+29  12
34.3103  1.898e+30  1.58167e+29  12
39.2118  1.898e+30  1.58167e+29  12
44.1133  1.898e+30  1.58167e+29  12
49.0148  1.898e+30  1.58167e+29  12
53.9162  1.898e+30  1.58167e+29  12
58.8177  1.898e+30  1.58167e+29  12
63.7191  1.898e+30  1.58167e+29  12
68.6207  1.898e+30  1.58167e+29  12
73.5221  1.898e+30  1.58167e+29  12
78.4236  1.898e+30  1.58167e+29  12
83.3251  1.898e+30  1.58167e+29  12
88.2265  1.898e+30  1.58167e+29  12
93.128  1.898e+30  1.58167e+29  12
98.0295  1.898e+30  1.58167e+29  12
102.931  1.898e+30  1.58167e+29  12
107.832  1.898e+30  1.58167e+29  12
112.734  1.898e+30  1.58167e+29  12
117.635  1.898e+30  1.58167e+29  12
122.537  1.898e+30  1.58167e+29  12
127.438  1.898e+30  1.58167e+29  12
132.34  1.898e+30  1.58167e+29  12
137.241  1.898e+30  1.58167e+29  12
142.143  1.898e+30  1.58167e+29  12
147.045  1.898e+30  1.58167e+29  12
151.946  1.898e+30  1.58167e+29  12
156.847  1.898e+30  1.58167e+29  12
161.749  1.898e+30  1.58167e+29  12
166.65  1.898e+30  1.58167e+29  12
171.552  1.898e+30  1.58167e+29  12
176.453  1.898e+30  1.58167e+29  12
181.355  1.898e+30  1.58167e+29  12
186.256  1.898e+30  1.58167e+29  12
191.158  1.898e+30  1.58167e+29  12
196.059  1.898e+30  1.58167e+29  12
200.961  1.898e+30  1.58167e+29  12
205.862  1.898e+30  1.58167e+29  12
210.764  1.898e+30  1.58167e+29  12
215.665  1.898e+30  1.58167e+29  12
220.567  1.898e+30  1.58167e+29  12
225.468  1.898e+30  1.58167e+29  12
230.37  1.898e+30  1.58167e+29  12
235.271  1.898e+30  1.58167e+29  12
240.172  1.898e+30  1.58167e+29  12
245.074  1.898e+30  1.58167e+29  12
249.975  1.898e+30  1.58167e+29  12
254.877  1.898e+30  1.58167e+29  12
259.778  1.898e+30  1.58167e+29  12
264.68  1.898e+30  1.58167e+29  12
269.581  1.898e+30  1.58167e+29  12
274.483  1.898e+30  1.58167e+29  12
279.384  1.898e+30  1.58167e+29  12
284.286  1.898e+30  1.58167e+29  12
289.187  1.898e+30  1.58167e+29  12
294.089  1.898e+30  1.58167e+29  12
298.99  1.898e+30  1.58167e+29  12
303.892  1.898e+30  1.58167e+29  12
308.793  1.898e+30  1.58167e+29  12
313.695  1.898e+30  1.58167e+29  12
318.596  1.898e+30  1.58167e+29  12
323.498  1.898e+30  1.58167e+29  12
328.399  1.898e+30  1.58167e+29  12
333.301  1.898e+30  1.58167e+29  12
338.202  1.898e+30  1.58167e+29  12
343.103  1.898e+30  1.58167e+29  12
348.005  1.898e+30  1.58167e+29  12
352.906  1.898e+30  1.58167e+29  12
357.808  1.898e+30  1.58167e+29  12
362.709  1.898e+30  1.58167e+29  12
367.611  1.898e+30  1.58167e+29  12
372.512  1.898e+30  1.58167e+29  12
377.414  1.898e+30  1.58167e+29  12
382.315  1.898e+30  1.58167e+29  12
387.217  1.898e+30  1.58167e+29  12
392.118  1.898e+30  1.58167e+29  12
397.019  1.898e+30  1.58167e+29  12
401.921  1.898e+30  1.58167e+29  12
406.822  1.898e+30  1.58167e+29  12
411.724  1.898e+30  1.58167e+29  12
416.625  1.898e+30  1.58167e+29  12
421.527  1.898e+30  1.58167e+29  12
426.428  1.898e+30  1.58167e+29  12
431.33  1.898e+30  1.58167e+29  12
436.231  1.898e+30  1.58167e+29  12
441.133  1.898e+30  1.58167e+29  12
446.034  1.898e+30  1.58167e+29  12
450.936  1.898e+30  1.58167e+29  12
455.837  1.898e+30  1.58167e+29  12
460.739  1.898e+30  1.58167e+29  12
465.64  1.898e+30  1.58167e+29  12
470.542  1.898e+30  1.58167e+29  12
475.443  1.898e+30  1.58167e+29  12
480.345  1.898e+30  1.58167e+29  12
485.246  1.898e+30  1.58167e+29  12
490.148  1.898e+30  1.58167e+29  12
495.049  1.898e+30  1.58167e+29  12
499.95  1.898e+30  1.58167e+29  12
504.852  1.898e+30  1.58167e+29  12
509.753  1.898e+30  1.58167e+29  12
514.655  1.898e+30  1.58167e+29  12
519.556  1.898e+30  1.58167e+29  12
524.458  1.898e+30  1.58167e+29  12
529.359  1.898e+30  1.58167e+29  12
534.261  1.898e+30  1.58167e+29  12
539.162  1.898e+30  1.58167e+29  12
544.064  1.898e+30  1.58167e+29  12
548.965  1.898e+30  1.58167e+29  12
553.867  1.898e+30  1.58167e+29  12
558.768  1.898e+30  1.58167e+29  12
563.67  1.898e+30  1.58167e+29  12
568.571  1.898e+30  1.58167e+29  12
573.473  1.898e+30  1.58167e+29  12
578.374  1.898e+30  1.58167e+29  12
583.276  1.898e+30  1.58167e+29  12
588.177  1.898e+30  1.58167e+29  12
593.078  1.898e+30  1.58167e+29  12
597.98  1.898e+30  1.58167e+29  12
602.882  1.898e+30  1.58167e+29  12
607.783  1.898e+30  1.58167e+29  12
612.684  1.898e+30  1.58167e+29  12
617.586  1.898e+30  1.58167e+29  12
622.488  1.898e+30  1.58167e+29  12
627.389  1.898e+30  1.58167e+29  12
632.29  1.898e+30  1.58167e+29  12
637.192  1.898e+30  1.58167e+29  12
642.094  1.898e+30  1.58167e+29  12
646.995  1.898e+30  1.58167e+29  12
651.896  1.898e+30  1.58167e+29  12
656.798  1.898e+30  1.58167e+29  12
661.699  1.898e+30  1.58167e+29  12
666.601  1.898e+30  1.58167e+29  12
671.502  1.898e+30  1.58167e+29  12
676.404  1.898e+30  1.58167e+29  12
681.305  1.898e+30  1.58167e+29  12
686.207  1.898e+30  1.58167e+29  12
691.108  1.898e+30  1.58167e+29  12
696.01  1.898e+30  1.58167e+29  12
700.911  1.898e+30  1.58167e+29  12
705.813  1.898e+30  1.58167e+29  12
710.714  1.898e+30  1.58167e+29  12
715.615  1.898e+30  1.58167e+29  12
720.517  1.898e+30  1.58167e+29  12
725.419  1.898e+30  1.58167e+29  12
730.32  1.898e+30  1.58167e+29  12
735.221  1.898e+30  1.58167e+29  12
740.123  1.898e+30  1.58167e+29  12
745.025  1.898e+30  1.58167e+29  12
749.926  1.898e+30  1.58167e+29  12
754.827  1.898e+30  1.58167e+29  12
759.729  1.898e+30  1.58167e+29  12
764.63  1.898e+30  1.58167e+29  12
769.532  1.898e+30  1.58167e+29  12
774.433  1.898e+30  1.58167e+29  12
779.335  1.898e+30  1.58167e+29  12
784.236  1.898e+30  1.58167e+29  12
789.138  1.898e+30  1.58167e+29  12
794.039  1.898e+30  1.58167e+29  12
798.941  1.898e+30  1.58167e+29  12
803.842  1.898e+30  1.58167e+29  12
808.744  1.898e+30  1.58167e+29  12
813.645  1.898e+30  1.58167e+29  12
818.546  1.898e+30  1.58167e+29  12
823.448  1.898e+30  1.58167e+29  12
828.349  1.898e+30  1.58167e+29  12
833.251  1.898e+30  1.58167e+29  12
838.152  1.898e+30  1.58167e+29  12
843.054  1.898e+30  1.58167e+29  12
847.955  1.898e+30  1.58167e+29  12
852.857  1.898e+30  1.58167e+29  12
857.758  1.898e+30  1.58167e+29  12
862.66  1.898e+30  1.58167e+29  12
867.561  1.898e+30  1.58167e+29  12
872.463  1.898e+30  1.58167e+29  12
877.364  1.898e+30  1.58167e+29  12
882.266  1.898e+30  1.58167e+29  12
887.167  1.898e+30  1.58167e+29  12
892.068  1.898e+30  1.58167e+29  12
896.97  1.898e+30  1.58167e+29  12
901.872  1.898e+30  1.58167e+29  12
906.773  1.898e+30  1.58167e+29  12
911.674  1.898e+30  1.58167e+29  12
916.576  1.898e+30  1.58167e+29  12
921.478  1.898e+30  1.58167e+29  12
926.379  1.898e+30  1.58167e+29  12
931.28  1.898e+30  1.58167e+29  12
936.182  1.898e+30  1.58167e+29  12
941.083  1.898e+30  1.58167e+29  12
945.985  1.898e+30  1.58167e+29  12
950.886  1.898e+30  1.58167e+29  12
955.788  1.898e+30  1.58167e+29  12
960.689  1.898e+30  1.58167e+29  12
965.591  1.898e+30  1.58167e+29  12
970.492  1.898e+30  1.58167e+29  12
975.393  1.898e+30  1.58167e+29  12
980.295  1.898e+30  1.58167e+29  12
985.197  1.898e+30  1.58167e+29  12
990.098  1.898e+30  1.58167e+29  12
994.999  1.898e+30  1.58167e+29  12
999.901  1.898e+30  1.58167e+29  12
1004.8  1.898e+30  1.58167e+29  12
1009.7  1.898e+30  1.58167e+29  12
1014.61  1.898e+30  1.58167e+29  12
1019.51  1.898e+30  1.58167e+29  12
1024.41  1.898e+30  1.58167e+29  12
1029.31  1.898e+30  1.58167e+29  12
1034.21  1.898e+30  1.58167e+29  12
1039.11  1.898e+30  1.58167e+29  12
1044.01  1.898e+30  1.58167e+29  12
1048.92  1.898e+30  1.58167e+29  12
1053.82  1.898e+30  1.58167e+29  12
1058.72  1.898e+30  1.58167e+29  12
1063.62  1.898e+30  1.58167e+29  12
1068.52  1.898e+30  1.58167e+29  12
1073.42  1.898e+30  1.58167e+29  12
1078.32  1.898e+30  1.58167e+29  12
1083.23  1.898e+30  1.58167e+29  12
1088.13  1.898e+30  1.58167e+29  12
1093.03  1.898e+30  1.58167e+29  12
1097.93  1.898e+30  1.58167e+29  12
1102.83  1.898e+30  1.58167e+29  12
1107.73  1.898e+30  1.58167e+29  12
1112.64  1.898e+30  1.58167e+29  12
1117.54  1.898e+30  1.58167e+29  12
1122.44  1.898e+30  1.58167e+29  12
1127.34  1.898e+30  1.58167e+29  12
1132.24  1.898e+30  1.58167e+29  12
1137.14  1.898e+30  1.58167e+29  12
1142.04  1.898e+30  1.58167e+29  12
1146.95  1.898e+30  1.58167e+29  12
1151.85  1.898e+30  1.58167e+29  12
1156.75  1.898e+30  1.58167e+29  12
1161.65  1.898e+30  1.58167e+29  12
1166.55  1.898e+30  1.58167e+29  12
1171.45  1.898e+30  1.58167e+29  12
1176.35  1.898e+30  1.58167e+29  12
1181.26  1.898e+30  1.58167e+29  12
1186.16  1.898e+30  1.58167e+29  12
1191.06  1.898e+30  1.58167e+29  12
1195.96  1.898e+30  1.58167e+29  12
1200.86  1.898e+30  1.58167e+29  12
1205.76  1.898e+30  1.58167e+29  12
1210.66  1.898e+30  1.58167e+29  12
1215.57  1.898e+30  1.58167e+29  12
1220.47  1.898e+30  1.58167e+29  12
1225.37  1.898e+30  1.58167e+29  12
1230.27  1.898e+30  1.58167e+29  12
1235.17  1.898e+30  1.58167e+29  12
1240.07  1.898e+30  1.58167e+29  12
1244.97  1.898e+30  1.58167e+29  12
1249.88  1.898e+30  1.58167e+29  12
1254.78  1.898e+30  1.58167e+29  12
1259.68  1.898e+30  1.58167e+29  12
1264.58  1.898e+30  1.58167e+29  12
1269.48  1.898e+30  1.58167e+29  12
1274.38  1.898e+30  1.58167e+29  12
1279.29  1.898e+30  1.58167e+29  12
1284.19  1.898e+30  1.58167e+29  12
1289.09  1.898e+30  1.58167e+29  12
1293.99  1.898e+30  1.58167e+29  12
1298.89  1.898e+30  1.58167e+29  12
1303.79  1.898e+30  1.58167e+29  12
1308.69  1.898e+30  1.58167e+29  12
1313.6  1.898e+30  1.58167e+29  12
1318.5  1.898e+30  1.58167e+29  12
1323.4  1.898e+30  1.58167e+29  12
1328.3  1.898e+30  1.58167e+29  12
1333.2  1.898e+30  1.58167e+29  12
1338.1  1.898e+30  1.58167e+29  12
1343  1.898e+30  1.58167e+29  12
1347.91  1.898e+30  1.58167e+29  12
1352.81  1.898e+30  1.58167e+29  12
1357.71  1.898e+30  1.58167e+29  12
1362.61  1.898e+30  1.58167e+29  12
1367.51  1.898e+30  1.58167e+29  12
1372.41  1.898e+30  1.58167e+29  12
1377.31  1.898e+30  1.58167e+29  12
1382.22  1.898e+30  1.58167e+29  12
1387.12  1.898e+30  1.58167e+29  12
1392.02  1.898e+30  1.58167e+29  12
1396.92  1.898e+30  1.58167e+29  12
1401.82  1.898e+30  1.58167e+29  12
1406.72  1.898e+30  1.58167e+29  12
1411.62  1.898e+30  1.58167e+29  12
1416.53  1.898e+30  1.58167e+29  12
1421.43  1.898e+30  1.58167e+29  12
1426.33  1.898e+30  1.58167e+29  12
1431.23  1.898e+30  1.58167e+29  12
1436.13  1.898e+30  1.58167e+29  12
1441.03  1.898e+30  1.58167e+29  12
1445.94  1.898e+30  1.58167e+29  12
1450.84  1.898e+30  1.58167e+29  12
1455.74  1.898e+30  1.58167e+29  12
1460.64  1.898e+30  1.58167e+29  12
1465.54  1.898e+30  1.58167e+29  12
1470.44  1.898e+30  1.58167e+29  12
